9.902658462524414062e-01 -7.271322607994079590e-02 -1.186858862638473511e-01 2.536792680621147156e-02 9.326993823051452637e-01 -3.597615361213684082e-01 1.368576884269714355e-01 3.532487452030181885e-01 9.254649281501770020e-01
9.902660250663757324e-01 -7.271511107683181763e-02 -1.186831444501876831e-01 2.536704577505588531e-02 9.326899051666259766e-01 -3.597861528396606445e-01 1.368564814329147339e-01 3.532733321189880371e-01 9.254556894302368164e-01
9.902659058570861816e-01 -7.272508740425109863e-02 -1.186780408024787903e-01 2.536756917834281921e-02 9.326618909835815430e-01 -3.598585426807403564e-01 1.368571966886520386e-01 3.533450663089752197e-01 9.254282116889953613e-01
9.902660846710205078e-01 -7.273952662944793701e-02 -1.186678856611251831e-01 2.536684274673461914e-02 9.326151609420776367e-01 -3.599798381328582764e-01 1.368561536073684692e-01 3.534655272960662842e-01 9.253823757171630859e-01
9.902657866477966309e-01 -7.276298850774765015e-02 -1.186560541391372681e-01 2.536833472549915314e-02 9.325501322746276855e-01 -3.601480722427368164e-01 1.368581950664520264e-01 3.536321818828582764e-01 9.253184199333190918e-01
9.902657866477966309e-01 -7.279027253389358521e-02 -1.186389178037643433e-01 2.536811865866184235e-02 9.324663877487182617e-01 -3.603648841381072998e-01 1.368578672409057617e-01 3.538473546504974365e-01 9.252362251281738281e-01
9.902657270431518555e-01 -7.282471656799316406e-02 -1.186188533902168274e-01 2.536874264478683472e-02 9.323644638061523438e-01 -3.606286346912384033e-01 1.368587315082550049e-01 3.541089892387390137e-01 9.251359701156616211e-01
9.902655482292175293e-01 -7.286506146192550659e-02 -1.185950711369514465e-01 2.536933310329914093e-02 9.322441220283508301e-01 -3.609395325183868408e-01 1.368594318628311157e-01 3.544172942638397217e-01 9.250177741050720215e-01
9.902657270431518555e-01 -7.290963083505630493e-02 -1.185665130615234375e-01 2.536863461136817932e-02 9.321054220199584961e-01 -3.612974286079406738e-01 1.368585377931594849e-01 3.547726273536682129e-01 9.248816370964050293e-01
9.902660250663757324e-01 -7.295864075422286987e-02 -1.185333654284477234e-01 2.536690421402454376e-02 9.319487214088439941e-01 -3.617017269134521484e-01 1.368562877178192139e-01 3.551741540431976318e-01 9.247279167175292969e-01
9.902657866477966309e-01 -7.301762700080871582e-02 -1.184994503855705261e-01 2.536836080253124237e-02 9.317744970321655273e-01 -3.621502220630645752e-01 1.368581652641296387e-01 3.556188046932220459e-01 9.245567321777343750e-01
9.902658462524414062e-01 -7.307972759008407593e-02 -1.184603646397590637e-01 2.536780573427677155e-02 9.315824508666992188e-01 -3.626439869403839111e-01 1.368575245141983032e-01 3.561088740825653076e-01 9.243681430816650391e-01
9.902656078338623047e-01 -7.314957678318023682e-02 -1.184191107749938965e-01 2.536884322762489319e-02 9.313730001449584961e-01 -3.631814718246459961e-01 1.368588805198669434e-01 3.566419780254364014e-01 9.241623878479003906e-01
9.902658462524414062e-01 -7.322227209806442261e-02 -1.183726042509078979e-01 2.536798454821109772e-02 9.311460256576538086e-01 -3.637629747390747070e-01 1.368577480316162109e-01 3.572191298007965088e-01 9.239396452903747559e-01
9.902657866477966309e-01 -7.330166548490524292e-02 -1.183236539363861084e-01 2.536808140575885773e-02 9.309021830558776855e-01 -3.643865883350372314e-01 1.368579119443893433e-01 3.578379452228546143e-01 9.237000942230224609e-01
9.902658462524414062e-01 -7.338595390319824219e-02 -1.182709336280822754e-01 2.536780573427677155e-02 9.306414127349853516e-01 -3.650521636009216309e-01 1.368574798107147217e-01 3.584983944892883301e-01 9.234440326690673828e-01
9.902660250663757324e-01 -7.347492873668670654e-02 -1.182147115468978882e-01 2.536729164421558380e-02 9.303638935089111328e-01 -3.657588064670562744e-01 1.368568241596221924e-01 3.591997027397155762e-01 9.231716394424438477e-01
9.902657270431518555e-01 -7.357165962457656860e-02 -1.181570291519165039e-01 2.536858618259429932e-02 9.300702214241027832e-01 -3.665048778057098389e-01 1.368586421012878418e-01 3.599397242069244385e-01 9.228830337524414062e-01
9.902659654617309570e-01 -7.366966456174850464e-02 -1.180935725569725037e-01 2.536733448505401611e-02 9.297600984573364258e-01 -3.672909438610076904e-01 1.368569433689117432e-01 3.607200682163238525e-01 9.225785732269287109e-01
9.902655482292175293e-01 -7.377699017524719238e-02 -1.180299222469329834e-01 2.536932192742824554e-02 9.294344186782836914e-01 -3.681142628192901611e-01 1.368593871593475342e-01 3.615365326404571533e-01 9.222585558891296387e-01
9.902658462524414062e-01 -7.388451695442199707e-02 -1.179602891206741333e-01 2.536795660853385925e-02 9.290925860404968262e-01 -3.689762353897094727e-01 1.368577033281326294e-01 3.623921275138854980e-01 9.219229221343994141e-01
9.902658462524414062e-01 -7.399851828813552856e-02 -1.178888678550720215e-01 2.536790817975997925e-02 9.287354946136474609e-01 -3.698741793632507324e-01 1.368576884269714355e-01 3.632830977439880371e-01 9.215722084045410156e-01
9.902655482292175293e-01 -7.411894202232360840e-02 -1.178155988454818726e-01 2.536939270794391632e-02 9.283633828163146973e-01 -3.708070814609527588e-01 1.368595063686370850e-01 3.642085492610931396e-01 9.212066531181335449e-01
9.902661442756652832e-01 -7.423787564039230347e-02 -1.177356913685798645e-01 2.536647208034992218e-02 9.279755353927612305e-01 -3.717765808105468750e-01 1.368557214736938477e-01 3.651711940765380859e-01 9.208260178565979004e-01
9.902659654617309570e-01 -7.436632364988327026e-02 -1.176563203334808350e-01 2.536747045814990997e-02 9.275736808776855469e-01 -3.727781772613525391e-01 1.368570476770401001e-01 3.661648929119110107e-01 9.204311370849609375e-01
9.902660846710205078e-01 -7.449694722890853882e-02 -1.175727844238281250e-01 2.536700293421745300e-02 9.271571040153503418e-01 -3.738131821155548096e-01 1.368563473224639893e-01 3.671920299530029297e-01 9.200219511985778809e-01
9.902656674385070801e-01 -7.463431358337402344e-02 -1.174883842468261719e-01 2.536858245730400085e-02 9.267264604568481445e-01 -3.748792707920074463e-01 1.368584185838699341e-01 3.682495951652526855e-01 9.195988178253173828e-01
9.902660846710205078e-01 -7.477132230997085571e-02 -1.173985749483108521e-01 2.536696381866931915e-02 9.262813925743103027e-01 -3.759777247905731201e-01 1.368564963340759277e-01 3.693399131298065186e-01 9.191617369651794434e-01
9.902659058570861816e-01 -7.491512596607208252e-02 -1.173078939318656921e-01 2.536765672266483307e-02 9.258229732513427734e-01 -3.771052658557891846e-01 1.368572264909744263e-01 3.704586029052734375e-01 9.187113046646118164e-01
9.902657270431518555e-01 -7.506256550550460815e-02 -1.172146871685981750e-01 2.536825649440288544e-02 9.253509044647216797e-01 -3.782621920108795166e-01 1.368579566478729248e-01 3.716065585613250732e-01 9.182474613189697266e-01
9.902658462524414062e-01 -7.521210610866546631e-02 -1.171180382370948792e-01 2.536782994866371155e-02 9.248653054237365723e-01 -3.794478774070739746e-01 1.368574500083923340e-01 3.727832436561584473e-01 9.177705049514770508e-01
9.902658462524414062e-01 -7.536621391773223877e-02 -1.170196607708930969e-01 2.536816149950027466e-02 9.243667721748352051e-01 -3.806607425212860107e-01 1.368580460548400879e-01 3.739867210388183594e-01 9.172806739807128906e-01
9.902659058570861816e-01 -7.552250474691390991e-02 -1.169180423021316528e-01 2.536768279969692230e-02 9.238551855087280273e-01 -3.819006383419036865e-01 1.368574500083923340e-01 3.752172291278839111e-01 9.167780876159667969e-01
9.902659654617309570e-01 -7.568190246820449829e-02 -1.168139204382896423e-01 2.536719478666782379e-02 9.233309626579284668e-01 -3.831663727760314941e-01 1.368566900491714478e-01 3.764733672142028809e-01 9.162631034851074219e-01
9.902659058570861816e-01 -7.584597170352935791e-02 -1.167085692286491394e-01 2.536778151988983154e-02 9.227944612503051758e-01 -3.844565749168395996e-01 1.368574947118759155e-01 3.777535855770111084e-01 9.157359004020690918e-01
9.902657270431518555e-01 -7.601303607225418091e-02 -1.166008487343788147e-01 2.536840736865997314e-02 9.222457408905029297e-01 -3.857709765434265137e-01 1.368582695722579956e-01 3.790578246116638184e-01 9.151966571807861328e-01
9.902657270431518555e-01 -7.618209719657897949e-02 -1.164903938770294189e-01 2.536834217607975006e-02 9.216848611831665039e-01 -3.871090412139892578e-01 1.368582695722579956e-01 3.803856670856475830e-01 9.146456122398376465e-01
9.902660250663757324e-01 -7.635248452425003052e-02 -1.163767948746681213e-01 2.536718547344207764e-02 9.211120605468750000e-01 -3.884701132774353027e-01 1.368566751480102539e-01 3.817365467548370361e-01 9.140828847885131836e-01
9.902660250663757324e-01 -7.652705162763595581e-02 -1.162619590759277344e-01 2.536714822053909302e-02 9.205277562141418457e-01 -3.898526728153228760e-01 1.368566751480102539e-01 3.831085860729217529e-01 9.135086536407470703e-01
9.902659058570861816e-01 -7.670477032661437988e-02 -1.161454543471336365e-01 2.536753192543983459e-02 9.199322462081909180e-01 -3.912559151649475098e-01 1.368571668863296509e-01 3.845010697841644287e-01 9.129233956336975098e-01
9.902658462524414062e-01 -7.688504457473754883e-02 -1.160269677639007568e-01 2.536787092685699463e-02 9.193254709243774414e-01 -3.926794528961181641e-01 1.368577331304550171e-01 3.859136998653411865e-01 9.123270511627197266e-01
9.902657866477966309e-01 -7.706768065690994263e-02 -1.159064546227455139e-01 2.536833286285400391e-02 9.187077879905700684e-01 -3.941223919391632080e-01 1.368582844734191895e-01 3.873455524444580078e-01 9.117199182510375977e-01
9.902659058570861816e-01 -7.725119590759277344e-02 -1.157830059528350830e-01 2.536769956350326538e-02 9.180791974067687988e-01 -3.955844342708587646e-01 1.368573606014251709e-01 3.887966275215148926e-01 9.111021757125854492e-01
9.902660250663757324e-01 -7.743730396032333374e-02 -1.156580001115798950e-01 2.536728791892528534e-02 9.174400568008422852e-01 -3.970645070075988770e-01 1.368568539619445801e-01 3.902655243873596191e-01 9.104740619659423828e-01
9.902659058570861816e-01 -7.762671262025833130e-02 -1.155318915843963623e-01 2.536787278950214386e-02 9.167907834053039551e-01 -3.985612988471984863e-01 1.368575543165206909e-01 3.917508721351623535e-01 9.098358154296875000e-01
9.902656674385070801e-01 -7.781890034675598145e-02 -1.154044419527053833e-01 2.536887675523757935e-02 9.161313176155090332e-01 -4.000747501850128174e-01 1.368589848279953003e-01 3.932525813579559326e-01 9.091876149177551270e-01
9.902660250663757324e-01 -7.800915837287902832e-02 -1.152727603912353516e-01 2.536715939640998840e-02 9.154615402221679688e-01 -4.016051292419433594e-01 1.368566453456878662e-01 3.947717547416687012e-01 9.085292816162109375e-01
9.902658462524414062e-01 -7.820487022399902344e-02 -1.151417642831802368e-01 2.536805719137191772e-02 9.147824645042419434e-01 -4.031495749950408936e-01 1.368579417467117310e-01 3.963043093681335449e-01 9.078617095947265625e-01
9.902660250663757324e-01 -7.839952409267425537e-02 -1.150071397423744202e-01 2.536692097783088684e-02 9.140934348106384277e-01 -4.047094881534576416e-01 1.368562579154968262e-01 3.978526592254638672e-01 9.071844220161437988e-01
9.902659058570861816e-01 -7.859840244054794312e-02 -1.148726344108581543e-01 2.536761015653610229e-02 9.133954048156738281e-01 -4.062823355197906494e-01 1.368571966886520386e-01 3.994134664535522461e-01 9.064981937408447266e-01
9.902659654617309570e-01 -7.879742234945297241e-02 -1.147355586290359497e-01 2.536732703447341919e-02 9.126880168914794922e-01 -4.078689515590667725e-01 1.368568241596221924e-01 4.009882509708404541e-01 9.058027267456054688e-01
9.902659654617309570e-01 -7.899846881628036499e-02 -1.145973652601242065e-01 2.536734193563461304e-02 9.119716882705688477e-01 -4.094679951667785645e-01 1.368568539619445801e-01 4.025751948356628418e-01 9.050985574722290039e-01
9.902657270431518555e-01 -7.920258492231369019e-02 -1.144587099552154541e-01 2.536854334175586700e-02 9.112468957901000977e-01 -4.110785722732543945e-01 1.368586421012878418e-01 4.041733741760253906e-01 9.043857455253601074e-01
9.902659058570861816e-01 -7.940510660409927368e-02 -1.143165603280067444e-01 2.536770887672901154e-02 9.105131030082702637e-01 -4.127013683319091797e-01 1.368573158979415894e-01 4.057841598987579346e-01 9.036644101142883301e-01
9.902658462524414062e-01 -7.961041480302810669e-02 -1.141741350293159485e-01 2.536794357001781464e-02 9.097710847854614258e-01 -4.143344461917877197e-01 1.368576288223266602e-01 4.074048995971679688e-01 9.029347896575927734e-01
9.902656078338623047e-01 -7.981802523136138916e-02 -1.140309497714042664e-01 2.536893077194690704e-02 9.090210795402526855e-01 -4.159773588180541992e-01 1.368589848279953003e-01 4.090352356433868408e-01 9.021971821784973145e-01
9.902656674385070801e-01 -8.002523332834243774e-02 -1.138854697346687317e-01 2.536881528794765472e-02 9.082627892494201660e-01 -4.176304042339324951e-01 1.368588805198669434e-01 4.106758832931518555e-01 9.014515876770019531e-01
9.902659058570861816e-01 -8.023227006196975708e-02 -1.137379854917526245e-01 2.536787651479244232e-02 9.074965715408325195e-01 -4.192928373813629150e-01 1.368576735258102417e-01 4.123260676860809326e-01 9.006981849670410156e-01
9.902658462524414062e-01 -8.044157922267913818e-02 -1.135900244116783142e-01 2.536790631711483002e-02 9.067227840423583984e-01 -4.209634065628051758e-01 1.368575990200042725e-01 4.139841198921203613e-01 8.999373316764831543e-01
9.902658462524414062e-01 -8.065168559551239014e-02 -1.134407445788383484e-01 2.536781691014766693e-02 9.059416055679321289e-01 -4.226420521736145020e-01 1.368574351072311401e-01 4.156502187252044678e-01 8.991690278053283691e-01
9.902657866477966309e-01 -8.086329698562622070e-02 -1.132907271385192871e-01 2.536820247769355774e-02 9.051532745361328125e-01 -4.243277609348297119e-01 1.368580460548400879e-01 4.173232913017272949e-01 8.983936905860900879e-01
9.902656078338623047e-01 -8.107633143663406372e-02 -1.131400614976882935e-01 2.536897920072078705e-02 9.043577909469604492e-01 -4.260204136371612549e-01 1.368592530488967896e-01 4.190031290054321289e-01 8.976112008094787598e-01
9.902657866477966309e-01 -8.128744363784790039e-02 -1.129864603281021118e-01 2.536800317466259003e-02 9.035551548004150391e-01 -4.277201592922210693e-01 1.368577182292938232e-01 4.206904470920562744e-01 8.968218564987182617e-01
9.902654886245727539e-01 -8.150288462638854980e-02 -1.128341481089591980e-01 2.536959387362003326e-02 9.027461409568786621e-01 -4.294248819351196289e-01 1.368599534034729004e-01 4.223820865154266357e-01 8.960260748863220215e-01
9.902659654617309570e-01 -8.171389251947402954e-02 -1.126776263117790222e-01 2.536768466234207153e-02 9.019299149513244629e-01 -4.311367571353912354e-01 1.368572115898132324e-01 4.240816533565521240e-01 8.952233791351318359e-01
9.902659058570861816e-01 -8.192833513021469116e-02 -1.125220432877540588e-01 2.536769211292266846e-02 9.011077284812927246e-01 -4.328527152538299561e-01 1.368573307991027832e-01 4.257848262786865234e-01 8.944145441055297852e-01
9.902659654617309570e-01 -8.214284479618072510e-02 -1.123652309179306030e-01 2.536750398576259613e-02 9.002791047096252441e-01 -4.345734119415283203e-01 1.368571668863296509e-01 4.274927675724029541e-01 8.935995101928710938e-01
9.902658462524414062e-01 -8.235860615968704224e-02 -1.122078374028205872e-01 2.536788396537303925e-02 8.994445800781250000e-01 -4.362979233264923096e-01 1.368576437234878540e-01 4.292045235633850098e-01 8.927785158157348633e-01
9.902659058570861816e-01 -8.257363736629486084e-02 -1.120489537715911865e-01 2.536749280989170074e-02 8.986040353775024414e-01 -4.380265474319458008e-01 1.368571221828460693e-01 4.309203624725341797e-01 8.919516801834106445e-01
9.902659058570861816e-01 -8.278969675302505493e-02 -1.118895709514617920e-01 2.536767162382602692e-02 8.977577686309814453e-01 -4.397584199905395508e-01 1.368571817874908447e-01 4.326393604278564453e-01 8.911191225051879883e-01
9.902655482292175293e-01 -8.300839364528656006e-02 -1.117309778928756714e-01 2.536934427917003632e-02 8.969063162803649902e-01 -4.414923787117004395e-01 1.368597745895385742e-01 4.343600869178771973e-01 8.902812600135803223e-01
9.902657270431518555e-01 -8.322340250015258789e-02 -1.115689948201179504e-01 2.536848001182079315e-02 8.960488438606262207e-01 -4.432300925254821777e-01 1.368584185838699341e-01 4.360852241516113281e-01 8.894377350807189941e-01
9.902657866477966309e-01 -8.343949168920516968e-02 -1.114069223403930664e-01 2.536814101040363312e-02 8.951863050460815430e-01 -4.449696242809295654e-01 1.368579566478729248e-01 4.378119409084320068e-01 8.885890841484069824e-01
9.902659058570861816e-01 -8.365531265735626221e-02 -1.112437918782234192e-01 2.536760270595550537e-02 8.943185210227966309e-01 -4.467111825942993164e-01 1.368571817874908447e-01 4.395408630371093750e-01 8.877353072166442871e-01
9.902658462524414062e-01 -8.387230336666107178e-02 -1.110805943608283997e-01 2.536778151988983154e-02 8.934459686279296875e-01 -4.484538435935974121e-01 1.368573755025863647e-01 4.412707090377807617e-01 8.868767023086547852e-01
9.902659654617309570e-01 -8.408880233764648438e-02 -1.109164506196975708e-01 2.536760456860065460e-02 8.925684094429016113e-01 -4.501977860927581787e-01 1.368570923805236816e-01 4.430018663406372070e-01 8.860132098197937012e-01
9.902658462524414062e-01 -8.430612087249755859e-02 -1.107521578669548035e-01 2.536798454821109772e-02 8.916863799095153809e-01 -4.519422948360443115e-01 1.368576884269714355e-01 4.447334408760070801e-01 8.851453065872192383e-01
9.902659654617309570e-01 -8.452214300632476807e-02 -1.105864420533180237e-01 2.536753378808498383e-02 8.907997012138366699e-01 -4.536875784397125244e-01 1.368570178747177124e-01 4.464659988880157471e-01 8.842726945877075195e-01
9.902660250663757324e-01 -8.473861962556838989e-02 -1.104205176234245300e-01 2.536745741963386536e-02 8.899087309837341309e-01 -4.554327428340911865e-01 1.368569284677505493e-01 4.481984078884124756e-01 8.833959102630615234e-01
9.902657866477966309e-01 -8.495628088712692261e-02 -1.102549061179161072e-01 2.536820992827415466e-02 8.890136480331420898e-01 -4.571774601936340332e-01 1.368582099676132202e-01 4.499301910400390625e-01 8.825149536132812500e-01
9.902659058570861816e-01 -8.517181128263473511e-02 -1.100873425602912903e-01 2.536774612963199615e-02 8.881142735481262207e-01 -4.589222073554992676e-01 1.368573904037475586e-01 4.516623020172119141e-01 8.816298842430114746e-01
9.902657270431518555e-01 -8.538886159658432007e-02 -1.099202930927276611e-01 2.536836639046669006e-02 8.872111439704895020e-01 -4.606657028198242188e-01 1.368582248687744141e-01 4.533929526805877686e-01 8.807410001754760742e-01
9.902656674385070801e-01 -8.560515940189361572e-02 -1.097526475787162781e-01 2.536861412227153778e-02 8.863041400909423828e-01 -4.624082744121551514e-01 1.368587464094161987e-01 4.551227688789367676e-01 8.798482418060302734e-01
9.902661442756652832e-01 -8.581789582967758179e-02 -1.095823496580123901e-01 2.536679618060588837e-02 8.853930234909057617e-01 -4.641505479812622070e-01 1.368558853864669800e-01 4.568527936935424805e-01 8.789516687393188477e-01
9.902657270431518555e-01 -8.603578060865402222e-02 -1.094150617718696594e-01 2.536846883594989777e-02 8.844791054725646973e-01 -4.658896327018737793e-01 1.368585824966430664e-01 4.585788249969482422e-01 8.780519366264343262e-01
9.902658462524414062e-01 -8.625015616416931152e-02 -1.092453151941299438e-01 2.536806836724281311e-02 8.835613131523132324e-01 -4.676279127597808838e-01 1.368578821420669556e-01 4.603045880794525146e-01 8.771485686302185059e-01
9.902657270431518555e-01 -8.646532148122787476e-02 -1.090759411454200745e-01 2.536842599511146545e-02 8.826404213905334473e-01 -4.693637490272521973e-01 1.368585079908370972e-01 4.620277285575866699e-01 8.762420415878295898e-01
9.902659654617309570e-01 -8.667815476655960083e-02 -1.089049130678176880e-01 2.536757849156856537e-02 8.817161321640014648e-01 -4.710978567600250244e-01 1.368570625782012939e-01 4.637494683265686035e-01 8.753322958946228027e-01
9.902659654617309570e-01 -8.689163625240325928e-02 -1.087342053651809692e-01 2.536737546324729919e-02 8.807889223098754883e-01 -4.728291034698486328e-01 1.368567794561386108e-01 4.654682874679565430e-01 8.744195699691772461e-01
9.902657270431518555e-01 -8.710628002882003784e-02 -1.085642874240875244e-01 2.536826021969318390e-02 8.798591494560241699e-01 -4.745570421218872070e-01 1.368581652641296387e-01 4.671835303306579590e-01 8.735041022300720215e-01
9.902660846710205078e-01 -8.731761574745178223e-02 -1.083920970559120178e-01 2.536729536950588226e-02 8.789259791374206543e-01 -4.762831032276153564e-01 1.368565410375595093e-01 4.688973426818847656e-01 8.725855350494384766e-01
9.902657866477966309e-01 -8.753117918968200684e-02 -1.082215607166290283e-01 2.536807395517826080e-02 8.779906630516052246e-01 -4.780051112174987793e-01 1.368579119443893433e-01 4.706067442893981934e-01 8.716645836830139160e-01
9.902655482292175293e-01 -8.774460107088088989e-02 -1.080509126186370850e-01 2.536899782717227936e-02 8.770527839660644531e-01 -4.797236919403076172e-01 1.368594467639923096e-01 4.723127186298370361e-01 8.707411885261535645e-01
9.902659058570861816e-01 -8.795385807752609253e-02 -1.078778058290481567e-01 2.536769770085811615e-02 8.761119246482849121e-01 -4.814399182796478271e-01 1.368574947118759155e-01 4.740168750286102295e-01 8.698149323463439941e-01
9.902659654617309570e-01 -8.816383033990859985e-02 -1.077050343155860901e-01 2.536732889711856842e-02 8.751690387725830078e-01 -4.831517636775970459e-01 1.368566602468490601e-01 4.757165610790252686e-01 8.688866496086120605e-01
9.902659654617309570e-01 -8.837424218654632568e-02 -1.075327992439270020e-01 2.536744996905326843e-02 8.742240071296691895e-01 -4.848597049713134766e-01 1.368568539619445801e-01 4.774121940135955811e-01 8.679561614990234375e-01
9.902659058570861816e-01 -8.858413249254226685e-02 -1.073605641722679138e-01 2.536767162382602692e-02 8.732768893241882324e-01 -4.865634739398956299e-01 1.368572711944580078e-01 4.791037440299987793e-01 8.670234680175781250e-01
9.902661442756652832e-01 -8.879147469997406006e-02 -1.071868240833282471e-01 2.536676824092864990e-02 8.723275065422058105e-01 -4.882635474205017090e-01 1.368556767702102661e-01 4.807918667793273926e-01 8.660888075828552246e-01
9.902657866477966309e-01 -8.900210261344909668e-02 -1.070154607295989990e-01 2.536819688975811005e-02 8.713766932487487793e-01 -4.899582862854003906e-01 1.368580609560012817e-01 4.824741184711456299e-01 8.651523590087890625e-01
9.902660250663757324e-01 -8.920788019895553589e-02 -1.068412810564041138e-01 2.536706812679767609e-02 8.704236149787902832e-01 -4.916495084762573242e-01 1.368561685085296631e-01 4.841535985469818115e-01 8.642139434814453125e-01
9.902659058570861816e-01 -8.941594511270523071e-02 -1.066689491271972656e-01 2.536774985492229462e-02 8.694690465927124023e-01 -4.933355450630187988e-01 1.368573755025863647e-01 4.858273863792419434e-01 8.632738590240478516e-01
9.902659654617309570e-01 -8.962172269821166992e-02 -1.064953953027725220e-01 2.536749280989170074e-02 8.685128688812255859e-01 -4.950171113014221191e-01 1.368569433689117432e-01 4.874970614910125732e-01 8.623322248458862305e-01
9.902659058570861816e-01 -8.982761949300765991e-02 -1.063223555684089661e-01 2.536773681640625000e-02 8.675552606582641602e-01 -4.966934621334075928e-01 1.368572860956192017e-01 4.891614019870758057e-01 8.613891601562500000e-01
9.902659058570861816e-01 -9.003269672393798828e-02 -1.061491146683692932e-01 2.536794170737266541e-02 8.665962219238281250e-01 -4.983648359775543213e-01 1.368575394153594971e-01 4.908208847045898438e-01 8.604446053504943848e-01
9.902660250663757324e-01 -9.023559093475341797e-02 -1.059750244021415710e-01 2.536721527576446533e-02 8.656355738639831543e-01 -5.000315308570861816e-01 1.368564069271087646e-01 4.924759268760681152e-01 8.594985604286193848e-01
9.902657270431518555e-01 -9.044086188077926636e-02 -1.058027893304824829e-01 2.536837570369243622e-02 8.646742105484008789e-01 -5.016921758651733398e-01 1.368583887815475464e-01 4.941245019435882568e-01 8.585515618324279785e-01
9.902657866477966309e-01 -9.064309298992156982e-02 -1.056291311979293823e-01 2.536817267537117004e-02 8.637112975120544434e-01 -5.033481121063232422e-01 1.368581354618072510e-01 4.957688152790069580e-01 8.576031923294067383e-01
9.902656078338623047e-01 -9.084580093622207642e-02 -1.054562702775001526e-01 2.536868862807750702e-02 8.627474904060363770e-01 -5.049982070922851562e-01 1.368590891361236572e-01 4.974070787429809570e-01 8.566538095474243164e-01
9.902658462524414062e-01 -9.104529023170471191e-02 -1.052817925810813904e-01 2.536781132221221924e-02 8.617823123931884766e-01 -5.066435337066650391e-01 1.368575245141983032e-01 4.990410506725311279e-01 8.557032942771911621e-01
9.902655482292175293e-01 -9.124770015478134155e-02 -1.051096990704536438e-01 2.536911144852638245e-02 8.608169555664062500e-01 -5.082820057868957520e-01 1.368597298860549927e-01 5.006676316261291504e-01 8.547522425651550293e-01
9.902658462524414062e-01 -9.144518524408340454e-02 -1.049350798130035400e-01 2.536802180111408234e-02 8.598500490188598633e-01 -5.099160075187683105e-01 1.368578374385833740e-01 5.022904276847839355e-01 8.537998795509338379e-01
9.902657866477966309e-01 -9.164386242628097534e-02 -1.047616973519325256e-01 2.536802552640438080e-02 8.588826656341552734e-01 -5.115438699722290039e-01 1.368578672409057617e-01 5.039068460464477539e-01 8.528469800949096680e-01
9.902660250663757324e-01 -9.184010326862335205e-02 -1.045875251293182373e-01 2.536708861589431763e-02 8.579143881797790527e-01 -5.131660103797912598e-01 1.368563324213027954e-01 5.055178403854370117e-01 8.518932461738586426e-01
9.902656078338623047e-01 -9.203937649726867676e-02 -1.044157072901725769e-01 2.536846697330474854e-02 8.569460511207580566e-01 -5.147814154624938965e-01 1.368587464094161987e-01 5.071214437484741211e-01 8.509392142295837402e-01
9.902655482292175293e-01 -9.223593771457672119e-02 -1.042427718639373779e-01 2.536877058446407318e-02 8.559769988059997559e-01 -5.163910984992980957e-01 1.368592232465744019e-01 5.087198019027709961e-01 8.499845266342163086e-01
9.902657866477966309e-01 -9.243018180131912231e-02 -1.040689200162887573e-01 2.536820247769355774e-02 8.550072312355041504e-01 -5.179951786994934082e-01 1.368581056594848633e-01 5.103129148483276367e-01 8.490292429924011230e-01
9.902657270431518555e-01 -9.262519329786300659e-02 -1.038963943719863892e-01 2.536843903362751007e-02 8.540372252464294434e-01 -5.195930600166320801e-01 1.368587315082550049e-01 5.118994712829589844e-01 8.480734825134277344e-01
9.902659654617309570e-01 -9.281682968139648438e-02 -1.037221997976303101e-01 2.536736801266670227e-02 8.530665636062622070e-01 -5.211851596832275391e-01 1.368566602468490601e-01 5.134807825088500977e-01 8.471173048019409180e-01
9.902657866477966309e-01 -9.301102906465530396e-02 -1.035503968596458435e-01 2.536820247769355774e-02 8.520960807800292969e-01 -5.227702260017395020e-01 1.368582248687744141e-01 5.150545835494995117e-01 8.461610674858093262e-01
9.902658462524414062e-01 -9.320241957902908325e-02 -1.033774241805076599e-01 2.536797709763050079e-02 8.511252403259277344e-01 -5.243495106697082520e-01 1.368577778339385986e-01 5.166229009628295898e-01 8.452045917510986328e-01
9.902657270431518555e-01 -9.339436143636703491e-02 -1.032055392861366272e-01 2.536852657794952393e-02 8.501543998718261719e-01 -5.259219408035278320e-01 1.368588209152221680e-01 5.181843042373657227e-01 8.442479372024536133e-01
9.902658462524414062e-01 -9.358316659927368164e-02 -1.030322983860969543e-01 2.536777034401893616e-02 8.491830825805664062e-01 -5.274888873100280762e-01 1.368574351072311401e-01 5.197405815124511719e-01 8.432910442352294922e-01
9.902656674385070801e-01 -9.377390146255493164e-02 -1.028610020875930786e-01 2.536863461136817932e-02 8.482121825218200684e-01 -5.290486812591552734e-01 1.368589252233505249e-01 5.212893486022949219e-01 8.423342704772949219e-01
9.902657270431518555e-01 -9.396225959062576294e-02 -1.026889160275459290e-01 2.536859735846519470e-02 8.472409844398498535e-01 -5.306026935577392578e-01 1.368589252233505249e-01 5.228325128555297852e-01 8.413773775100708008e-01
9.902658462524414062e-01 -9.414835274219512939e-02 -1.025161966681480408e-01 2.536779828369617462e-02 8.462697267532348633e-01 -5.321503877639770508e-01 1.368574351072311401e-01 5.243697762489318848e-01 8.404204249382019043e-01
9.902659654617309570e-01 -9.433452039957046509e-02 -1.023441702127456665e-01 2.536754310131072998e-02 8.452987074851989746e-01 -5.336915254592895508e-01 1.368569731712341309e-01 5.259003043174743652e-01 8.394635915756225586e-01
9.902659654617309570e-01 -9.452050924301147461e-02 -1.021728143095970154e-01 2.536769770085811615e-02 8.443280458450317383e-01 -5.352258086204528809e-01 1.368571966886520386e-01 5.274239778518676758e-01 8.385069966316223145e-01
9.902657270431518555e-01 -9.470658004283905029e-02 -1.020022332668304443e-01 2.536836266517639160e-02 8.433575630187988281e-01 -5.367537140846252441e-01 1.368584334850311279e-01 5.289411544799804688e-01 8.375506401062011719e-01
9.902662038803100586e-01 -9.488755464553833008e-02 -1.018292680382728577e-01 2.536669373512268066e-02 8.423867225646972656e-01 -5.382760763168334961e-01 1.368553340435028076e-01 5.304535031318664551e-01 8.365941047668457031e-01
9.902660250663757324e-01 -9.507219493389129639e-02 -1.016592234373092651e-01 2.536755800247192383e-02 8.414169549942016602e-01 -5.397906899452209473e-01 1.368568390607833862e-01 5.319574475288391113e-01 8.356383442878723145e-01
9.902659058570861816e-01 -9.525490552186965942e-02 -1.014889255166053772e-01 2.536778151988983154e-02 8.404473662376403809e-01 -5.412991046905517578e-01 1.368574947118759155e-01 5.334554314613342285e-01 8.346827626228332520e-01
9.902661442756652832e-01 -9.543462842702865601e-02 -1.013173758983612061e-01 2.536691911518573761e-02 8.394777774810791016e-01 -5.428016185760498047e-01 1.368557363748550415e-01 5.349479317665100098e-01 8.337273597717285156e-01
9.902656674385070801e-01 -9.561789035797119141e-02 -1.011489257216453552e-01 2.536847256124019623e-02 8.385093212127685547e-01 -5.442964434623718262e-01 1.368588358163833618e-01 5.364320278167724609e-01 8.327726721763610840e-01
9.902659654617309570e-01 -9.579534083604812622e-02 -1.009774878621101379e-01 2.536731772124767303e-02 8.375404477119445801e-01 -5.457861423492431641e-01 1.368564814329147339e-01 5.379118919372558594e-01 8.318179249763488770e-01
9.902659654617309570e-01 -9.597450494766235352e-02 -1.008079126477241516e-01 2.536759153008460999e-02 8.365725874900817871e-01 -5.472684502601623535e-01 1.368570178747177124e-01 5.393840670585632324e-01 8.308640122413635254e-01
9.902660250663757324e-01 -9.615200757980346680e-02 -1.006381586194038391e-01 2.536734938621520996e-02 8.356050252914428711e-01 -5.487446784973144531e-01 1.368566453456878662e-01 5.408502817153930664e-01 8.299103975296020508e-01
9.902657866477966309e-01 -9.633031487464904785e-02 -1.004696637392044067e-01 2.536810375750064850e-02 8.346382975578308105e-01 -5.502138733863830566e-01 1.368581354618072510e-01 5.423092842102050781e-01 8.289574980735778809e-01
9.902657866477966309e-01 -9.650648385286331177e-02 -1.003005504608154297e-01 2.536820992827415466e-02 8.336720466613769531e-01 -5.516769289970397949e-01 1.368581652641296387e-01 5.437623262405395508e-01 8.280051350593566895e-01
9.902656674385070801e-01 -9.668212383985519409e-02 -1.001319140195846558e-01 2.536847814917564392e-02 8.327064514160156250e-01 -5.531333088874816895e-01 1.368586122989654541e-01 5.452087521553039551e-01 8.270533084869384766e-01
9.902659654617309570e-01 -9.685488790273666382e-02 -9.996236115694046021e-02 2.536762133240699768e-02 8.317409753799438477e-01 -5.545840263366699219e-01 1.368570029735565186e-01 5.466498732566833496e-01 8.261017203330993652e-01
9.902660846710205078e-01 -9.702766686677932739e-02 -9.979358315467834473e-02 2.536725252866744995e-02 8.307764530181884766e-01 -5.560278892517089844e-01 1.368562579154968262e-01 5.480840206146240234e-01 8.251510262489318848e-01
9.902657866477966309e-01 -9.720201790332794189e-02 -9.962664544582366943e-02 2.536812983453273773e-02 8.298129439353942871e-01 -5.574647188186645508e-01 1.368581950664520264e-01 5.495108962059020996e-01 8.242012262344360352e-01
9.902659058570861816e-01 -9.737319499254226685e-02 -9.945829212665557861e-02 2.536787278950214386e-02 8.288499116897583008e-01 -5.588956475257873535e-01 1.368574500083923340e-01 5.509322285652160645e-01 8.232519030570983887e-01
9.902657270431518555e-01 -9.754505753517150879e-02 -9.929140657186508179e-02 2.536833472549915314e-02 8.278877139091491699e-01 -5.603199005126953125e-01 1.368585377931594849e-01 5.523467063903808594e-01 8.223033547401428223e-01
9.902656674385070801e-01 -9.771549701690673828e-02 -9.912434965372085571e-02 2.536852099001407623e-02 8.269262909889221191e-01 -5.617378354072570801e-01 1.368590146303176880e-01 5.537550449371337891e-01 8.213555812835693359e-01
9.902655482292175293e-01 -9.788542240858078003e-02 -9.895769506692886353e-02 2.536894567310810089e-02 8.259655237197875977e-01 -5.631495118141174316e-01 1.368597745895385742e-01 5.551571846008300781e-01 8.204084038734436035e-01
9.902660250663757324e-01 -9.805053472518920898e-02 -9.878894686698913574e-02 2.536724880337715149e-02 8.250049352645874023e-01 -5.645559430122375488e-01 1.368563324213027954e-01 5.565545558929443359e-01 8.194616436958312988e-01
9.902654886245727539e-01 -9.822133928537368774e-02 -9.862448275089263916e-02 2.536895871162414551e-02 8.240462541580200195e-01 -5.659542083740234375e-01 1.368599385023117065e-01 5.579429268836975098e-01 8.185163736343383789e-01
9.902661442756652832e-01 -9.838405251502990723e-02 -9.845557808876037598e-02 2.536697126924991608e-02 8.230870962142944336e-01 -5.673483610153198242e-01 1.368555724620819092e-01 5.593283772468566895e-01 8.175710439682006836e-01
9.902657866477966309e-01 -9.855238348245620728e-02 -9.829126298427581787e-02 2.536819502711296082e-02 8.221299648284912109e-01 -5.687344074249267578e-01 1.368582844734191895e-01 5.607047080993652344e-01 8.166272640228271484e-01
9.902659058570861816e-01 -9.871654212474822998e-02 -9.812495857477188110e-02 2.536778151988983154e-02 8.211731314659118652e-01 -5.701149702072143555e-01 1.368573606014251709e-01 5.620762109756469727e-01 8.156839609146118164e-01
9.902656674385070801e-01 -9.888195991516113281e-02 -9.796036779880523682e-02 2.536840923130512238e-02 8.202174901962280273e-01 -5.714889764785766602e-01 1.368587613105773926e-01 5.634408593177795410e-01 8.147416710853576660e-01
9.902658462524414062e-01 -9.904447197914123535e-02 -9.779463708400726318e-02 2.536794357001781464e-02 8.192623257637023926e-01 -5.728574991226196289e-01 1.368577629327774048e-01 5.648003220558166504e-01 8.138000369071960449e-01
9.902658462524414062e-01 -9.920696914196014404e-02 -9.762970358133316040e-02 2.536790445446968079e-02 8.183081150054931641e-01 -5.742197632789611816e-01 1.368577629327774048e-01 5.661535263061523438e-01 8.128592371940612793e-01
9.902657866477966309e-01 -9.936875104904174805e-02 -9.746503829956054688e-02 2.536797896027565002e-02 8.173549175262451172e-01 -5.755758285522460938e-01 1.368577331304550171e-01 5.675005912780761719e-01 8.119193911552429199e-01
9.902660250663757324e-01 -9.952843934297561646e-02 -9.729994833469390869e-02 2.536731772124767303e-02 8.164023160934448242e-01 -5.769261121749877930e-01 1.368564069271087646e-01 5.688421130180358887e-01 8.109802603721618652e-01
9.902659058570861816e-01 -9.968922287225723267e-02 -9.713621437549591064e-02 2.536765672266483307e-02 8.154510259628295898e-01 -5.782698988914489746e-01 1.368570774793624878e-01 5.701768994331359863e-01 8.100422620773315430e-01
9.902659654617309570e-01 -9.984830766916275024e-02 -9.697228670120239258e-02 2.536751702427864075e-02 8.145004510879516602e-01 -5.796080827713012695e-01 1.368568688631057739e-01 5.715061426162719727e-01 8.091049790382385254e-01
9.902657866477966309e-01 -1.000079736113548279e-01 -9.680938720703125000e-02 2.536807022988796234e-02 8.135509490966796875e-01 -5.809400677680969238e-01 1.368579417467117310e-01 5.728291869163513184e-01 8.081687092781066895e-01
9.902658462524414062e-01 -1.001657843589782715e-01 -9.664618223905563354e-02 2.536805532872676849e-02 8.126021623611450195e-01 -5.822663903236389160e-01 1.368580907583236694e-01 5.741467475891113281e-01 8.072331547737121582e-01
9.902659654617309570e-01 -1.003219261765480042e-01 -9.648260474205017090e-02 2.536764368414878845e-02 8.116543292999267578e-01 -5.835869312286376953e-01 1.368570625782012939e-01 5.754587054252624512e-01 8.062986135482788086e-01
9.902660250663757324e-01 -1.004778072237968445e-01 -9.631955623626708984e-02 2.536756917834281921e-02 8.107074499130249023e-01 -5.849016904830932617e-01 1.368566304445266724e-01 5.767648816108703613e-01 8.053648471832275391e-01
9.902660250663757324e-01 -1.006332114338874817e-01 -9.615714848041534424e-02 2.536745555698871613e-02 8.097613453865051270e-01 -5.862108469009399414e-01 1.368566453456878662e-01 5.780653357505798340e-01 8.044319152832031250e-01
9.902659058570861816e-01 -1.007884666323661804e-01 -9.599530696868896484e-02 2.536772377789020538e-02 8.088164329528808594e-01 -5.875138044357299805e-01 1.368571817874908447e-01 5.793597102165222168e-01 8.035001754760742188e-01
9.902659058570861816e-01 -1.009423732757568359e-01 -9.583343565464019775e-02 2.536764368414878845e-02 8.078722953796386719e-01 -5.888114571571350098e-01 1.368571966886520386e-01 5.806487798690795898e-01 8.025690913200378418e-01
9.902659654617309570e-01 -1.010951101779937744e-01 -9.567146748304367065e-02 2.536741085350513458e-02 8.069289326667785645e-01 -5.901035070419311523e-01 1.368566453456878662e-01 5.819324851036071777e-01 8.016388416290283203e-01
9.902658462524414062e-01 -1.012486517429351807e-01 -9.551065415143966675e-02 2.536801062524318695e-02 8.059870004653930664e-01 -5.913894176483154297e-01 1.368577778339385986e-01 5.832098126411437988e-01 8.007099032402038574e-01
9.902659058570861816e-01 -1.014000028371810913e-01 -9.534944593906402588e-02 2.536772377789020538e-02 8.050454854965209961e-01 -5.926704406738281250e-01 1.368574053049087524e-01 5.844825506210327148e-01 7.997813820838928223e-01
9.902657270431518555e-01 -1.015520244836807251e-01 -9.518917649984359741e-02 2.536829188466072083e-02 8.041052818298339844e-01 -5.939453840255737305e-01 1.368584483861923218e-01 5.857489705085754395e-01 7.988540530204772949e-01
9.902658462524414062e-01 -1.017016246914863586e-01 -9.502823650836944580e-02 2.536792121827602386e-02 8.031656146049499512e-01 -5.952154994010925293e-01 1.368578374385833740e-01 5.870108604431152344e-01 7.979274392127990723e-01
9.902658462524414062e-01 -1.018507704138755798e-01 -9.486768394708633423e-02 2.536766789853572845e-02 8.022270202636718750e-01 -5.964799523353576660e-01 1.368573606014251709e-01 5.882672071456909180e-01 7.970017194747924805e-01
9.902656674385070801e-01 -1.020009145140647888e-01 -9.470836073160171509e-02 2.536836266517639160e-02 8.012894988059997559e-01 -5.977387428283691406e-01 1.368587017059326172e-01 5.895175337791442871e-01 7.960770726203918457e-01
9.902660846710205078e-01 -1.021464169025421143e-01 -9.454684704542160034e-02 2.536713704466819763e-02 8.003522157669067383e-01 -5.989932417869567871e-01 1.368557810783386230e-01 5.907642841339111328e-01 7.951528429985046387e-01
9.902657270431518555e-01 -1.022963747382164001e-01 -9.438887983560562134e-02 2.536825463175773621e-02 7.994166612625122070e-01 -6.002411246299743652e-01 1.368585228919982910e-01 5.920037031173706055e-01 7.942299842834472656e-01
9.902660250663757324e-01 -1.024411320686340332e-01 -9.422827512025833130e-02 2.536737546324729919e-02 7.984812855720520020e-01 -6.014849543571472168e-01 1.368563026189804077e-01 5.932397842407226562e-01 7.933076024055480957e-01
